+----+-----+------+
|year|month| count|
+----+-----+------+
|1950|   12|     1|
|2001|   03|     1|
|1964|   02|     1|
|1943|   03|     1|
|1948|   11|     1|
|1946|   02|     1|
|1975|   12|     1|
|1963|   03|     1|
|1991|   02|     1|
|1952|   02|     1|
|1979|   01|     1|
|1942|   01|     1|
|1963|   12|     1|
|1958|   01|     1|
|1960|   01|     1|
|1951|   02|     1|
|1949|   02|     1|
|1971|   02|     1|
|1954|   02|     1|
|1970|   01|     1|
|1958|   02|     1|
|1999|   12|     1|
|1970|   03|     1|
|1952|   11|     1|
|1960|   02|     2|
|2005|   12|     2|
|1957|   02|     2|
|1972|   01|     2|
|1950|   11|     2|
|1945|   11|     2|
|1962|   02|     2|
|1970|   12|     2|
|1944|   04|     2|
|1955|   03|     2|
|1984|   01|     2|
|1952|   03|     2|
|1960|   12|     2|
|1962|   03|     2|
|1995|   02|     2|
|1993|   12|     2|
|1941|   04|     2|
|1968|   01|     3|
|1955|   01|     3|
|1990|   01|     3|
|1988|   11|     3|
|1959|   01|     3|
|1984|   03|     3|
|1956|   02|     3|
|1996|   03|     3|
|1956|   01|     3|
|1955|   02|     3|
|1991|   01|     3|
|2003|   02|     4|
|1954|   01|     4|
|1946|   03|     4|
|2014|   12|     5|
|1980|   03|     5|
|1958|   03|     5|
|1958|   12|     5|
|1993|   11|     5|
|1997|   02|     6|
|1998|   01|     6|
|1957|   12|     6|
|1942|   04|     7|
|1987|   12|     7|
|1973|   02|     7|
|2006|   03|     7|
|1957|   01|     7|
|1951|   12|     8|
|1993|   01|     9|
|1990|   12|     9|
|1954|   12|     9|
|2004|   02|     9|
|2007|   12|     9|
|2000|   02|     9|
|1953|   02|    11|
|1983|   12|    11|
|1988|   01|    12|
|2013|   02|    12|
|1967|   12|    13|
|1947|   11|    13|
|1984|   12|    13|
|1956|   11|    13|
|1961|   12|    14|
|1943|   04|    14|
|1991|   12|    15|
|1949|   11|    15|
|1988|   03|    16|
|1974|   02|    17|
|1974|   12|    18|
|1992|   02|    19|
|1979|   03|    21|
|1948|   03|    22|
|2013|   12|    24|
|1956|   12|    24|
|1983|   03|    26|
|2001|   02|    27|
|1977|   12|    29|
|1986|   03|    31|
|1945|   03|    31|
|1971|   01|    32|
|1989|   12|    32|
|1955|   12|    32|
|2015|   02|    32|
|1946|   10|    33|
|1993|   02|    33|
|1975|   02|    33|
|1971|   03|    33|
|1985|   11|    34|
|2013|   03|    34|
|1972|   12|    35|
|2014|   02|    35|
|1947|   04|    35|
|1958|   11|    36|
|1973|   01|    37|
|1976|   02|    39|
|1954|   11|    39|
|1944|   05|    40|
|1942|   05|    43|
|1979|   11|    44|
|1975|   01|    48|
|1959|   11|    50|
|1959|   02|    50|
|1946|   04|    51|
|1941|   05|    55|
|1941|   10|    56|
|1942|   10|    57|
|1966|   03|    58|
|1944|   10|    59|
|1948|   10|    60|
|1987|   03|    65|
|1992|   01|    68|
|1995|   11|    69|
|1983|   01|    71|
|1971|   12|    73|
|1964|   11|    73|
|1976|   03|    75|
|1945|   04|    76|
|1960|   03|    78|
|1948|   04|    79|
|1945|   10|    79|
|1964|   03|    79|
|1954|   03|    86|
|1975|   03|    87|
|1964|   12|    88|
|1955|   11|    89|
|1989|   01|    90|
|1963|   11|    93|
|1950|   03|    97|
|1943|   05|    97|
|1951|   11|   101|
|2008|   02|   101|
|1961|   02|   108|
|1974|   11|   112|
|1943|   10|   117|
|1970|   11|   118|
|1995|   03|   119|
|1994|   12|   122|
|1960|   11|   130|
|1947|   10|   131|
|1976|   11|   133|
|2002|   02|   141|
|1946|   05|   148|
|1945|   09|   150|
|1942|   06|   159|
|1949|   03|   159|
|1979|   12|   164|
|1981|   11|   167|
|2005|   01|   168|
|1941|   06|   169|
|2009|   03|   170|
|1987|   11|   176|
|1991|   11|   181|
|1948|   05|   181|
|1948|   09|   182|
|1941|   07|   185|
|1944|   06|   185|
|1946|   09|   186|
|1941|   09|   189|
|1998|   02|   190|
|1989|   02|   191|
|1942|   09|   193|
|1953|   11|   194|
|1944|   09|   199|
|1946|   06|   199|
|2007|   01|   200|
|1994|   03|   202|
|1990|   11|   206|
|1943|   09|   210|
|1966|   11|   213|
|1941|   08|   215|
|1946|   07|   217|
|1946|   08|   217|
|2012|   02|   222|
|1947|   05|   223|
|1977|   03|   231|
|1943|   06|   233|
|1992|   03|   238|
|1948|   08|   241|
|2000|   12|   241|
|1943|   08|   245|
|1943|   07|   246|
|1942|   07|   246|
|1956|   03|   247|
|1944|   07|   247|
|1944|   08|   247|
|1942|   08|   247|
|1948|   07|   248|
|1947|   06|   252|
|1945|   05|   259|
|1948|   06|   259|
|1957|   03|   260|
|1947|   08|   272|
|1953|   12|   278|
|1954|   04|   279|
|1947|   07|   279|
|1992|   11|   279|
|1965|   11|   288|
|2012|   11|   300|
|1945|   08|   308|
|1947|   09|   317|
|1986|   12|   324|
|1997|   11|   335|
|1978|   03|   341|
|1980|   11|   347|
|1993|   03|   366|
|1945|   06|   375|
|1950|   04|   380|
|1952|   10|   396|
|1945|   07|   402|
|1981|   03|   428|
|1970|   04|   434|
|1962|   11|   437|
|2003|   11|   459|
|1953|   03|   461|
|1973|   11|   475|
|2011|   12|   479|
|1957|   11|   486|
|2010|   11|   503|
|2008|   03|   507|
|1967|   11|   508|
|2010|   03|   529|
|1959|   03|   529|
|1967|   03|   543|
|1961|   11|   601|
|1949|   04|   607|
|1965|   03|   612|
|1969|   11|   623|
|1958|   04|   661|
|1991|   03|   665|
|1956|   04|   692|
|2011|   03|   719|
|1983|   11|   726|
|1972|   03|   737|
|1994|   11|   744|
|1951|   04|   744|
|1975|   11|   771|
|1985|   04|   865|
|1968|   11|   887|
|1989|   03|   892|
|1955|   04|   959|
|1982|   03|  1001|
|2016|   07|  1165|
|1998|   03|  1214|
|2004|   11|  1254|
|2000|   03|  1278|
|1990|   02|  1291|
|1999|   03|  1333|
|1984|   11|  1339|
|2006|   12|  1352|
|2005|   03|  1367|
|1950|   10|  1381|
|1989|   11|  1406|
|1972|   11|  1470|
|2000|   11|  1477|
|1986|   11|  1516|
|2016|   03|  1540|
|1968|   03|  1565|
|2009|   11|  1586|
|1997|   03|  1639|
|2008|   11|  1663|
|2015|   03|  1671|
|1973|   04|  1722|
|1961|   03|  1736|
|1974|   03|  1749|
|2002|   03|  1750|
|1979|   04|  1799|
|2013|   11|  1833|
|2007|   11|  1843|
|1992|   04|  1845|
|2004|   03|  1868|
|1977|   04|  1898|
|1960|   04|  1934|
|1972|   04|  1951|
|1953|   04|  2030|
|1949|   10|  2061|
|1952|   04|  2131|
|1982|   11|  2165|
|1986|   04|  2308|
|1978|   04|  2371|
|2001|   11|  2373|
|1973|   03|  2399|
|1954|   10|  2445|
|1971|   11|  2513|
|1977|   11|  2517|
|1971|   04|  2540|
|2015|   12|  2699|
|1974|   10|  2722|
|1950|   05|  2958|
|1949|   05|  3061|
|1963|   04|  3126|
|1995|   04|  3154|
|1966|   04|  3172|
|1957|   04|  3178|
|1951|   10|  3508|
|1951|   05|  3579|
|1988|   04|  3612|
|1990|   03|  3680|
|2003|   03|  3754|
|1976|   04|  3786|
|1950|   09|  3791|
|1983|   04|  3918|
|1997|   04|  3951|
|1960|   10|  3969|
|1967|   04|  3996|
|1969|   04|  4005|
|1959|   04|  4186|
|2014|   03|  4396|
|1949|   06|  4414|
|2011|   11|  4416|
|1981|   04|  4427|
|1982|   04|  4542|
|2006|   11|  4575|
|1962|   04|  4652|
|1955|   05|  4724|
|2001|   04|  4853|
|1999|   11|  4872|
|1950|   06|  4953|
|1952|   05|  4962|
|1949|   09|  5014|
|1965|   04|  5043|
|1992|   10|  5125|
|2002|   10|  5196|
|1996|   11|  5227|
|1980|   04|  5242|
|1949|   08|  5248|
|2006|   04|  5357|
|1978|   11|  5426|
|2007|   03|  5444|
|1957|   10|  5582|
|1949|   07|  5622|
|1952|   09|  5667|
|1956|   10|  5683|
|2016|   04|  5715|
|1950|   07|  5874|
|2009|   10|  5986|
|1953|   10|  6002|
|1950|   08|  6015|
|1975|   04|  6060|
|1987|   04|  6647|
|1959|   10|  6748|
|1964|   04|  6961|
|2012|   03|  7000|
|1991|   04|  7002|
|2012|   04|  7041|
|1989|   04|  7224|
|1984|   04|  7261|
|1953|   05|  7334|
|1994|   10|  7348|
|1979|   10|  7415|
|2013|   04|  7549|
|1961|   04|  7621|
|1980|   10|  7842|
|1955|   10|  8001|
|1976|   10|  8240|
|1994|   04|  8480|
|2014|   11|  8498|
|1973|   10|  8640|
|1954|   05|  8783|
|1963|   10|  8928|
|1964|   10|  9006|
|1993|   10|  9040|
|1958|   10|  9129|
|2003|   10|  9300|
|1993|   04|  9306|
|2015|   11|  9371|
|1958|   05|  9666|
|1957|   05|  9690|
|1998|   04|  9788|
|2005|   11|  9819|
|2010|   04|  9878|
|1951|   09|  9899|
|1954|   09| 10056|
|1953|   09| 10093|
|1951|   06| 10192|
|1998|   10| 10233|
|1968|   10| 10238|
|1981|   10| 10455|
|1952|   06| 10654|
|1990|   04| 11104|
|1972|   10| 11248|
|1970|   10| 11325|
|1974|   04| 11375|
|1996|   04| 11732|
|1966|   10| 11801|
|1968|   04| 12033|
|1986|   10| 12061|
|2003|   04| 12071|
|1983|   10| 12074|
|1982|   10| 12225|
|1952|   08| 12251|
|1988|   10| 12371|
|1956|   05| 12696|
|1951|   07| 12760|
|1999|   04| 13010|
|1978|   10| 13057|
|1959|   05| 13138|
|2005|   04| 13190|
|1957|   09| 13243|
|2002|   04| 13244|
|1997|   10| 13322|
|1952|   07| 13585|
|1962|   05| 13893|
|2015|   04| 13995|
|1954|   06| 14039|
|1951|   08| 14061|
|1969|   10| 14305|
|1971|   10| 14650|
|1991|   10| 14675|
|1975|   10| 14775|
|2004|   04| 14868|
|1960|   05| 14918|
|1977|   10| 15108|
|1953|   06| 15278|
|1965|   10| 15612|
|1962|   10| 15858|
|2010|   10| 15866|
|2004|   10| 16027|
|1953|   08| 16080|
|1956|   09| 16118|
|1959|   09| 16150|
|1954|   08| 16338|
|1953|   07| 16457|
|2000|   04| 16492|
|1968|   05| 16623|
|1954|   07| 16778|
|1960|   09| 16808|
|1990|   10| 16976|
|1985|   10| 17017|
|1965|   05| 17236|
|2008|   04| 17474|
|1989|   10| 17690|
|1955|   06| 17869|
|1987|   05| 17996|
|1961|   05| 18010|
|1995|   05| 18376|
|2007|   10| 18619|
|1987|   10| 18683|
|1958|   09| 18713|
|2012|   10| 19135|
|1999|   10| 19156|
|1957|   06| 19553|
|1955|   09| 19703|
|1984|   10| 19880|
|1969|   05| 19973|
|1967|   10| 20044|
|2007|   04| 20067|
|1958|   06| 20332|
|2014|   04| 20408|
|1991|   05| 20591|
|1993|   09| 20825|
|1956|   06| 21633|
|1996|   05| 22230|
|1982|   05| 22259|
|1994|   05| 22279|
|1959|   06| 22449|
|1956|   08| 22474|
|1961|   10| 22907|
|1980|   05| 23026|
|1972|   05| 23085|
|1967|   05| 23674|
|2009|   04| 23920|
|1996|   10| 23954|
|1959|   08| 23997|
|1966|   05| 24293|
|1960|   06| 24302|
|2015|   10| 24430|
|1985|   05| 24468|
|1955|   08| 24733|
|1957|   08| 24829|
|1956|   07| 24835|
|1958|   07| 24923|
|1960|   08| 24979|
|1955|   07| 25149|
|1970|   05| 25240|
|1959|   07| 25576|
|1958|   08| 25844|
|1960|   07| 25869|
|1977|   05| 25984|
|1957|   07| 26092|
|2011|   10| 26630|
|1986|   09| 27198|
|2008|   10| 27225|
|1962|   09| 27349|
|1964|   09| 27594|
|1979|   05| 27842|
|1984|   09| 27853|
|1964|   05| 28140|
|1972|   09| 28459|
|2011|   04| 28693|
|1971|   05| 28806|
|1985|   09| 29142|
|1977|   09| 29149|
|1978|   05| 29517|
|1973|   05| 29555|
|1976|   09| 29591|
|1961|   09| 29960|
|1983|   05| 30109|
|1963|   05| 30197|
|1978|   09| 30215|
|1973|   09| 30533|
|1974|   05| 30695|
|1997|   05| 30815|
|1986|   05| 30824|
|1966|   09| 31606|
|1971|   09| 31823|
|1970|   09| 32340|
|1975|   05| 33103|
|1968|   09| 33327|
|2005|   10| 33681|
|1976|   05| 33936|
|1995|   10| 34047|
|1969|   09| 34183|
|1992|   05| 34325|
|1979|   09| 34870|
|1994|   09| 34894|
|1990|   05| 35304|
|1990|   09| 35374|
|1993|   05| 35617|
|1981|   05| 36033|
|2015|   05| 36312|
|1987|   09| 36363|
|1988|   05| 36597|
|1989|   05| 37040|
|1984|   05| 37106|
|1963|   09| 37394|
|1999|   05| 37809|
|1961|   06| 38097|
|1981|   09| 38278|
|1982|   09| 38346|
|1961|   08| 38829|
|2013|   10| 38937|
|1991|   09| 39021|
|1962|   06| 39056|
|1983|   09| 39730|
|1961|   07| 39821|
|1993|   06| 40091|
|1982|   06| 40120|
|2005|   05| 40508|
|1992|   09| 40886|
|1964|   06| 41802|
|1967|   09| 42677|
|1980|   09| 43286|
|2014|   10| 43359|
|1965|   09| 43772|
|1994|   06| 44057|
|1963|   06| 44378|
|2001|   05| 44819|
|1986|   08| 44862|
|2001|   10| 44873|
|1964|   08| 44882|
|2006|   10| 44892|
|1962|   08| 44960|
|1998|   05| 44985|
|1996|   09| 45183|
|1985|   06| 45755|
|1981|   06| 46302|
|1962|   07| 46625|
|1967|   06| 46669|
|1969|   06| 46706|
|2006|   05| 46748|
|1995|   09| 46831|
|1987|   06| 46959|
|1971|   06| 47448|
|1991|   06| 47472|
|1964|   07| 47541|
|1974|   09| 48621|
|2004|   05| 49113|
|2003|   05| 49447|
|1995|   06| 49783|
|1963|   07| 49850|
|1965|   06| 49916|
|1984|   06| 49936|
|1983|   06| 50053|
|1975|   06| 50205|
|1963|   08| 50485|
|1975|   09| 50514|
|2007|   05| 50541|
|1965|   07| 50890|
|1989|   09| 51146|
|1965|   08| 51189|
|1972|   06| 51306|
|1968|   06| 51948|
|1966|   08| 52147|
|1970|   06| 52255|
|1968|   08| 52278|
|1966|   06| 52444|
|1988|   09| 52494|
|2000|   10| 52501|
|1993|   08| 52583|
|1986|   06| 52843|
|1977|   06| 52848|
|1984|   08| 52946|
|2010|   05| 53027|
|1995|   07| 53679|
|1968|   07| 53705|
|1983|   08| 53816|
|2012|   05| 53960|
|1981|   08| 54226|
|1971|   08| 54383|
|1967|   07| 54385|
|1972|   08| 54764|
|1984|   07| 54858|
|1969|   07| 54941|
|1967|   08| 55261|
|1970|   08| 55365|
|1994|   08| 55467|
|1971|   07| 55662|
|1978|   08| 55756|
|1969|   08| 55802|
|1976|   06| 55976|
|1966|   07| 56062|
|1986|   07| 56146|
|1978|   06| 56672|
|1985|   08| 56699|
|1970|   07| 56699|
|1980|   06| 56828|
|1985|   07| 57016|
|1974|   06| 57023|
|1982|   08| 57086|
|1983|   07| 57172|
|1979|   08| 57178|
|1979|   06| 57325|
|1980|   08| 57491|
|1982|   07| 58176|
|2014|   05| 58340|
|2008|   05| 58438|
|1977|   08| 58772|
|1990|   06| 59321|
|1987|   08| 59568|
|2000|   05| 59592|
|1981|   07| 59911|
|1977|   07| 59987|
|1980|   07| 60062|
|1972|   07| 60123|
|2011|   05| 60425|
|1993|   07| 60476|
|1973|   08| 60803|
|1994|   07| 60928|
|1973|   06| 60939|
|1992|   06| 61114|
|1992|   08| 61133|
|1979|   07| 61237|
|1978|   07| 61562|
|1989|   06| 61745|
|2009|   05| 62118|
|1976|   08| 62130|
|2008|   09| 62247|
|2007|   09| 62572|
|2016|   05| 63300|
|1992|   07| 63397|
|1975|   08| 63533|
|1988|   06| 64141|
|1976|   07| 64960|
|2000|   09| 65075|
|1975|   07| 65116|
|1974|   08| 65873|
|2002|   09| 66903|
|2002|   05| 67336|
|1974|   07| 67336|
|1995|   08| 67424|
|1990|   08| 68106|
|1989|   07| 68378|
|1989|   08| 68390|
|1987|   07| 68759|
|1990|   07| 70509|
|1988|   08| 70621|
|2003|   09| 71314|
|1991|   08| 71589|
|1973|   07| 71766|
|2012|   09| 71840|
|1991|   07| 73718|
|2004|   09| 74571|
|1997|   09| 75582|
|1988|   07| 75784|
|2010|   09| 76266|
|2005|   09| 76571|
|1998|   09| 77610|
|2001|   09| 81025|
|1996|   06| 81580|
|2013|   09| 83042|
|2013|   05| 83128|
|1998|   06| 83947|
|2014|   09| 87131|
|2000|   06| 87718|
|2009|   06| 88994|
|2015|   06| 89196|
|2009|   09| 90111|
|1999|   09| 90278|
|2004|   06| 90781|
|2005|   06| 91843|
|2015|   09| 93360|
|2001|   06| 94437|
|2012|   06| 95798|
|2016|   06| 97612|
|2006|   09| 98083|
|1999|   08| 98334|
|2011|   09|100637|
|2003|   06|100669|
|1996|   07|100745|
|1998|   08|102686|
|2014|   06|102865|
|2006|   06|103404|
|2008|   06|103795|
|2007|   06|103869|
|2010|   06|103905|
|1999|   06|104100|
|1997|   06|105499|
|1996|   08|108241|
|2003|   08|109213|
|2000|   08|110268|
|2007|   08|111030|
|2005|   08|114580|
|2002|   06|114736|
|2004|   08|114776|
|2001|   08|114795|
|2008|   08|115242|
|1999|   07|116918|
|2004|   07|120189|
|2000|   07|120460|
|1998|   07|120912|
|2001|   07|121192|
|1997|   08|121601|
|2013|   06|123133|
|1997|   07|123854|
|2007|   07|123896|
|2015|   07|123982|
|2014|   08|125006|
|2010|   08|125135|
|2006|   07|125192|
|2005|   07|125651|
|2012|   08|125947|
|2011|   06|126084|
|2002|   08|126495|
|2015|   08|126951|
|2008|   07|127627|
|2006|   08|128039|
|2002|   07|128354|
|2003|   07|128360|
|2013|   08|128920|
|2009|   08|129007|
|2011|   08|133483|
|2009|   07|133570|
|2013|   07|134297|
|2012|   07|138166|
|2010|   07|143860|
|2011|   07|147060|
|2014|   07|147910|
+----+-----+------+