+----+-----+-----+
|year|month|count|
+----+-----+-----+
|1949|   02|    1|
|2001|   03|    1|
|1964|   02|    1|
|1999|   12|    1|
|1948|   11|    1|
|1952|   11|    1|
|1950|   12|    1|
|1945|   11|    1|
|1952|   02|    1|
|2005|   12|    1|
|1958|   01|    1|
|1942|   01|    1|
|1960|   01|    1|
|1963|   12|    1|
|1963|   03|    1|
|1975|   12|    1|
|1946|   02|    1|
|1979|   01|    1|
|1972|   01|    1|
|1991|   02|    1|
|1955|   03|    1|
|1970|   01|    1|
|1958|   02|    1|
|1951|   02|    1|
|1971|   02|    1|
|1993|   11|    1|
|1954|   02|    1|
|1991|   01|    1|
|1970|   03|    1|
|1943|   03|    1|
|1941|   04|    1|
|1941|   07|    2|
|1968|   01|    2|
|1941|   09|    2|
|1957|   01|    2|
|1944|   09|    2|
|1946|   10|    2|
|1943|   07|    2|
|1957|   02|    2|
|1942|   07|    2|
|1941|   10|    2|
|1944|   04|    2|
|1942|   06|    2|
|1947|   04|    2|
|1944|   06|    2|
|1962|   02|    2|
|1997|   02|    2|
|1944|   07|    2|
|1946|   04|    2|
|1970|   12|    2|
|1944|   05|    2|
|1993|   12|    2|
|1943|   10|    2|
|1950|   11|    2|
|1988|   01|    2|
|1942|   10|    2|
|1943|   08|    2|
|1942|   09|    2|
|1941|   08|    2|
|1943|   04|    2|
|1942|   05|    2|
|1942|   08|    2|
|1941|   06|    2|
|1960|   12|    2|
|1995|   02|    2|
|1944|   08|    2|
|1956|   02|    2|
|1941|   05|    2|
|1942|   04|    2|
|1984|   01|    2|
|1943|   06|    2|
|1952|   03|    2|
|1962|   03|    2|
|1946|   03|    2|
|1944|   10|    2|
|1943|   09|    2|
|1943|   05|    2|
|1947|   11|    2|
|1960|   02|    2|
|1948|   03|    3|
|1955|   01|    3|
|1946|   05|    3|
|1947|   08|    3|
|1948|   07|    3|
|1945|   09|    3|
|2014|   12|    3|
|1948|   10|    3|
|1946|   08|    3|
|2003|   02|    3|
|1946|   07|    3|
|1988|   11|    3|
|1945|   10|    3|
|1946|   06|    3|
|1947|   07|    3|
|1987|   12|    3|
|1990|   01|    3|
|1947|   10|    3|
|1959|   01|    3|
|1948|   08|    3|
|1947|   06|    3|
|1984|   03|    3|
|1946|   09|    3|
|1947|   05|    3|
|1955|   02|    3|
|1996|   03|    3|
|1956|   01|    3|
|1948|   09|    3|
|1957|   12|    4|
|1945|   04|    4|
|1998|   01|    4|
|1945|   08|    4|
|1948|   04|    4|
|1948|   05|    4|
|1958|   03|    4|
|1948|   06|    4|
|1956|   11|    4|
|1947|   09|    4|
|1983|   12|    4|
|1954|   01|    4|
|1980|   03|    4|
|1945|   03|    4|
|2006|   03|    5|
|1945|   07|    5|
|1990|   12|    5|
|2004|   02|    5|
|1945|   06|    5|
|1945|   05|    5|
|2007|   12|    5|
|2000|   02|    5|
|1958|   12|    5|
|1993|   01|    6|
|1973|   02|    6|
|2013|   02|    6|
|1954|   12|    7|
|1951|   12|    7|
|1992|   02|    8|
|1953|   02|    8|
|1974|   12|    9|
|1991|   12|    9|
|2013|   03|    9|
|1984|   12|   10|
|1988|   03|   10|
|1989|   12|   10|
|1974|   02|   10|
|1956|   12|   11|
|2001|   02|   11|
|1961|   12|   12|
|1967|   12|   13|
|1955|   12|   13|
|1949|   11|   13|
|2013|   12|   13|
|1979|   03|   14|
|1972|   12|   14|
|1977|   12|   15|
|2015|   02|   15|
|1958|   11|   16|
|2014|   02|   16|
|1971|   03|   18|
|1983|   03|   18|
|1975|   01|   18|
|1986|   03|   19|
|1975|   02|   19|
|1960|   03|   20|
|1985|   11|   20|
|1993|   02|   20|
|1960|   11|   20|
|1959|   02|   21|
|1994|   12|   21|
|1971|   01|   23|
|1973|   01|   24|
|1959|   11|   24|
|1949|   03|   25|
|1955|   11|   26|
|1954|   11|   26|
|2008|   02|   27|
|1950|   03|   27|
|1995|   11|   27|
|1992|   01|   28|
|1963|   11|   29|
|1976|   02|   29|
|1951|   11|   29|
|1989|   01|   29|
|1979|   11|   30|
|2002|   02|   32|
|1964|   12|   32|
|1949|   04|   35|
|1974|   11|   35|
|1971|   12|   36|
|1954|   03|   36|
|1987|   03|   36|
|1983|   01|   36|
|2005|   01|   37|
|1975|   03|   37|
|1964|   11|   37|
|1950|   04|   37|
|1991|   11|   39|
|1949|   10|   42|
|1976|   11|   42|
|1949|   05|   43|
|2000|   12|   44|
|1953|   11|   45|
|1949|   06|   45|
|1989|   02|   46|
|1950|   10|   46|
|1950|   05|   46|
|1992|   11|   47|
|1950|   06|   47|
|1966|   03|   47|
|1970|   11|   47|
|1949|   08|   48|
|1949|   09|   48|
|1949|   07|   48|
|1950|   08|   49|
|1950|   07|   49|
|1987|   11|   50|
|1950|   09|   50|
|1964|   03|   50|
|1979|   12|   51|
|2009|   03|   51|
|1981|   11|   53|
|2007|   01|   53|
|2010|   11|   55|
|1976|   03|   57|
|1961|   02|   59|
|1957|   11|   60|
|2012|   11|   60|
|1998|   02|   62|
|2012|   02|   62|
|1953|   12|   62|
|1995|   03|   65|
|1959|   03|   66|
|2011|   12|   66|
|1952|   10|   67|
|1956|   03|   67|
|1954|   04|   68|
|2010|   03|   68|
|1986|   12|   70|
|1990|   11|   71|
|1980|   11|   71|
|1957|   03|   72|
|2008|   03|   75|
|1966|   11|   76|
|1953|   03|   79|
|1965|   11|   79|
|1992|   03|   79|
|1958|   04|   81|
|1997|   11|   81|
|1955|   04|   83|
|1962|   11|   85|
|2003|   11|   86|
|1956|   04|   88|
|1968|   11|   88|
|1951|   04|   89|
|1994|   03|   92|
|1957|   10|   93|
|1954|   10|   93|
|2000|   11|   96|
|1951|   05|   99|
|1960|   04|  100|
|2011|   03|  105|
|1953|   04|  106|
|1956|   10|  106|
|2008|   11|  107|
|1978|   03|  108|
|1952|   04|  108|
|1957|   04|  108|
|1960|   10|  108|
|1993|   03|  108|
|1967|   11|  109|
|1951|   06|  110|
|1951|   07|  111|
|1951|   09|  112|
|1951|   08|  112|
|1951|   10|  113|
|2015|   03|  113|
|1952|   09|  114|
|1952|   06|  114|
|1952|   05|  114|
|1952|   08|  115|
|1977|   03|  115|
|1953|   10|  115|
|1952|   07|  115|
|1959|   04|  116|
|1953|   09|  117|
|1953|   07|  118|
|1953|   05|  118|
|1954|   08|  119|
|1953|   06|  119|
|1954|   06|  119|
|1953|   08|  119|
|1954|   07|  119|
|1954|   09|  119|
|1954|   05|  119|
|2009|   11|  120|
|1955|   10|  120|
|1955|   05|  121|
|1994|   11|  121|
|2013|   11|  123|
|2016|   03|  124|
|1955|   08|  124|
|1955|   07|  124|
|1959|   08|  125|
|1955|   06|  125|
|1956|   05|  125|
|1958|   10|  126|
|1959|   10|  126|
|1959|   07|  126|
|1960|   07|  126|
|1955|   09|  126|
|1957|   05|  126|
|1960|   08|  127|
|1960|   09|  127|
|1956|   08|  127|
|1956|   07|  127|
|1960|   05|  127|
|1959|   05|  127|
|1956|   09|  127|
|1956|   06|  127|
|1960|   06|  127|
|1959|   09|  127|
|1957|   06|  128|
|1959|   06|  128|
|1958|   07|  129|
|1958|   09|  129|
|1981|   03|  129|
|1958|   05|  129|
|1957|   09|  129|
|1958|   06|  130|
|1957|   07|  130|
|1958|   08|  130|
|2006|   12|  130|
|1957|   08|  130|
|2005|   03|  132|
|2015|   12|  132|
|1973|   11|  133|
|2004|   11|  134|
|1989|   03|  139|
|2004|   03|  139|
|1985|   04|  142|
|2003|   03|  143|
|1989|   11|  144|
|1998|   03|  146|
|2006|   11|  147|
|2007|   11|  150|
|1986|   11|  151|
|1970|   04|  151|
|1969|   11|  152|
|1999|   03|  153|
|1990|   02|  155|
|2001|   11|  156|
|1961|   11|  156|
|1997|   03|  158|
|2000|   03|  158|
|2014|   11|  160|
|2002|   03|  161|
|1991|   03|  167|
|2009|   10|  168|
|2014|   03|  170|
|1967|   03|  171|
|2012|   03|  173|
|1983|   11|  174|
|2016|   04|  180|
|1996|   11|  181|
|1972|   11|  182|
|1984|   11|  183|
|1992|   04|  183|
|1982|   11|  184|
|1965|   03|  187|
|2002|   10|  188|
|1972|   03|  188|
|1975|   11|  190|
|1995|   04|  190|
|1997|   04|  194|
|1990|   03|  197|
|1977|   11|  197|
|2005|   11|  199|
|1961|   03|  201|
|2007|   03|  203|
|2003|   10|  204|
|1982|   03|  204|
|2011|   11|  204|
|2015|   11|  205|
|1968|   03|  207|
|2013|   04|  209|
|1993|   10|  214|
|2012|   04|  218|
|2010|   04|  223|
|1988|   04|  223|
|2015|   04|  224|
|2008|   10|  227|
|1999|   11|  228|
|1979|   04|  228|
|1997|   10|  230|
|1998|   10|  234|
|2006|   04|  234|
|1974|   03|  234|
|2001|   04|  235|
|1978|   11|  235|
|1983|   04|  239|
|1977|   04|  241|
|2015|   10|  242|
|1971|   11|  244|
|1989|   10|  245|
|1978|   04|  245|
|1999|   10|  246|
|1983|   10|  246|
|2012|   10|  246|
|1973|   04|  246|
|1961|   04|  247|
|1968|   10|  249|
|1971|   04|  251|
|2016|   07|  252|
|1982|   04|  252|
|1981|   04|  253|
|2014|   04|  254|
|1980|   10|  255|
|2005|   04|  256|
|2004|   10|  258|
|1972|   04|  262|
|2016|   06|  263|
|2016|   05|  263|
|1987|   04|  263|
|2007|   04|  264|
|1980|   04|  265|
|1994|   10|  265|
|1961|   07|  266|
|1996|   04|  266|
|1986|   04|  266|
|1991|   04|  267|
|1961|   06|  268|
|1961|   05|  268|
|1961|   10|  268|
|1966|   10|  269|
|2007|   10|  269|
|1964|   04|  269|
|1961|   08|  269|
|2004|   04|  269|
|1961|   09|  269|
|1994|   04|  271|
|2013|   10|  271|
|1992|   10|  272|
|2014|   10|  272|
|2015|   05|  272|
|2000|   04|  273|
|1976|   10|  273|
|1975|   04|  274|
|1962|   04|  274|
|1989|   04|  274|
|1979|   10|  275|
|1998|   04|  275|
|1991|   10|  275|
|2009|   04|  276|
|1993|   04|  279|
|1999|   04|  279|
|2015|   07|  280|
|2010|   10|  280|
|1973|   03|  281|
|1993|   09|  281|
|2006|   10|  281|
|2011|   10|  281|
|1990|   04|  281|
|1974|   10|  282|
|2001|   10|  282|
|2015|   06|  285|
|1963|   04|  286|
|1967|   04|  288|
|2015|   08|  288|
|2015|   09|  289|
|1993|   06|  289|
|2011|   04|  289|
|1995|   07|  291|
|1964|   10|  291|
|1993|   07|  291|
|1995|   05|  292|
|2002|   04|  292|
|1993|   05|  292|
|1988|   10|  292|
|1993|   08|  293|
|2003|   04|  293|
|1962|   05|  293|
|1991|   05|  294|
|1986|   07|  294|
|1995|   06|  294|
|1963|   10|  295|
|2014|   05|  296|
|2014|   09|  296|
|2014|   08|  296|
|1962|   06|  297|
|2014|   07|  297|
|2014|   06|  298|
|2008|   04|  298|
|1964|   09|  298|
|1990|   10|  298|
|2013|   09|  299|
|2005|   10|  299|
|1994|   09|  299|
|1994|   05|  299|
|1962|   09|  300|
|1994|   08|  300|
|2013|   08|  300|
|1969|   04|  300|
|1962|   07|  300|
|2007|   05|  300|
|1964|   08|  300|
|1964|   07|  301|
|1976|   04|  301|
|1986|   10|  301|
|2007|   09|  301|
|2013|   07|  301|
|1962|   08|  301|
|2013|   05|  301|
|1996|   10|  302|
|2008|   09|  302|
|1994|   07|  302|
|2013|   06|  302|
|2007|   08|  302|
|1995|   10|  303|
|1994|   06|  303|
|2007|   06|  303|
|1964|   06|  303|
|2005|   05|  303|
|2007|   07|  304|
|1986|   08|  304|
|1985|   07|  304|
|1992|   09|  304|
|1964|   05|  305|
|1977|   10|  305|
|1962|   10|  305|
|1988|   07|  306|
|2012|   09|  306|
|2005|   08|  306|
|2005|   07|  307|
|2005|   09|  307|
|2006|   05|  307|
|2009|   05|  308|
|1990|   07|  308|
|2012|   05|  308|
|1963|   07|  308|
|2006|   09|  309|
|2006|   08|  309|
|1990|   05|  309|
|2009|   06|  310|
|2012|   08|  310|
|1963|   09|  310|
|1963|   06|  310|
|2006|   07|  310|
|1992|   08|  310|
|1992|   06|  310|
|2006|   06|  310|
|1963|   05|  310|
|2012|   07|  310|
|1965|   04|  310|
|2012|   06|  310|
|1992|   07|  311|
|1963|   08|  311|
|1992|   05|  311|
|2005|   06|  311|
|2009|   08|  311|
|1966|   04|  311|
|1990|   09|  312|
|1989|   07|  312|
|2009|   07|  312|
|2009|   09|  312|
|1984|   07|  312|
|1990|   06|  313|
|1991|   09|  313|
|2008|   08|  313|
|1984|   04|  313|
|2008|   07|  314|
|1986|   06|  314|
|1985|   08|  314|
|1991|   08|  315|
|1989|   06|  315|
|1995|   09|  315|
|2011|   09|  315|
|1991|   07|  315|
|1988|   09|  315|
|2001|   05|  316|
|1989|   09|  316|
|2011|   08|  316|
|2010|   09|  316|
|2011|   05|  316|
|2000|   10|  316|
|1989|   08|  316|
|1990|   08|  316|
|2008|   06|  316|
|1988|   08|  316|
|2008|   05|  316|
|1986|   05|  317|
|1985|   10|  318|
|2011|   06|  318|
|1989|   05|  318|
|1995|   08|  318|
|1982|   10|  318|
|2010|   08|  318|
|1984|   08|  318|
|2010|   07|  318|
|1987|   10|  319|
|2004|   07|  319|
|2011|   07|  319|
|1987|   07|  319|
|2004|   06|  319|
|2010|   05|  319|
|1983|   07|  319|
|2000|   07|  320|
|2004|   08|  320|
|2003|   08|  320|
|1987|   08|  320|
|2010|   06|  320|
|1988|   05|  320|
|2003|   09|  320|
|1997|   05|  320|
|1982|   07|  321|
|1991|   06|  321|
|2000|   06|  321|
|2004|   05|  321|
|2004|   09|  321|
|1987|   05|  321|
|2003|   05|  321|
|2003|   07|  321|
|1988|   06|  322|
|2001|   09|  322|
|2002|   08|  322|
|1998|   05|  322|
|2000|   09|  322|
|2001|   08|  323|
|1987|   09|  323|
|1987|   06|  323|
|2000|   05|  323|
|2003|   06|  323|
|2002|   09|  323|
|1986|   09|  324|
|2002|   07|  324|
|2002|   05|  324|
|2001|   06|  324|
|1984|   06|  324|
|1985|   06|  324|
|1984|   10|  324|
|2001|   07|  324|
|1980|   07|  324|
|1999|   05|  325|
|2000|   08|  325|
|1985|   05|  325|
|1998|   07|  326|
|1982|   08|  326|
|1968|   04|  326|
|1998|   08|  326|
|1998|   09|  326|
|1998|   06|  326|
|2002|   06|  326|
|1999|   08|  327|
|1984|   09|  327|
|1985|   09|  327|
|1999|   09|  328|
|1981|   07|  329|
|1999|   07|  329|
|1981|   10|  329|
|1983|   08|  330|
|1980|   08|  330|
|1999|   06|  330|
|1982|   05|  330|
|1981|   06|  331|
|1983|   09|  332|
|1980|   06|  332|
|1984|   05|  333|
|1997|   07|  333|
|1981|   08|  334|
|1982|   09|  334|
|1981|   09|  335|
|1967|   10|  335|
|1983|   05|  336|
|1983|   06|  337|
|1997|   08|  337|
|1980|   05|  337|
|1981|   05|  337|
|1997|   06|  338|
|1969|   05|  338|
|1980|   09|  338|
|1982|   06|  339|
|1997|   09|  340|
|1996|   09|  340|
|1979|   08|  340|
|1965|   10|  341|
|1975|   10|  341|
|1978|   10|  341|
|1996|   08|  341|
|1996|   07|  342|
|1996|   05|  342|
|1978|   07|  343|
|1996|   06|  345|
|1979|   07|  345|
|1969|   10|  346|
|1965|   05|  346|
|1970|   10|  347|
|1965|   07|  349|
|1974|   04|  349|
|1969|   07|  349|
|1977|   07|  350|
|1978|   08|  350|
|1979|   09|  351|
|1979|   06|  351|
|1967|   07|  351|
|1973|   10|  351|
|1978|   05|  352|
|1971|   10|  352|
|1969|   06|  352|
|1977|   05|  352|
|1966|   07|  352|
|1968|   07|  353|
|1977|   09|  353|
|1979|   05|  354|
|1978|   06|  354|
|1977|   08|  354|
|1965|   08|  354|
|1965|   06|  355|
|1966|   05|  355|
|1976|   07|  356|
|1968|   09|  356|
|1968|   05|  356|
|1968|   06|  357|
|1969|   08|  357|
|1968|   08|  357|
|1967|   08|  358|
|1978|   09|  358|
|1975|   07|  358|
|1965|   09|  358|
|1969|   09|  359|
|1967|   06|  359|
|1966|   08|  359|
|1966|   06|  360|
|1967|   09|  361|
|1966|   09|  361|
|1974|   07|  362|
|1970|   07|  362|
|1976|   08|  363|
|1967|   05|  363|
|1977|   06|  364|
|1976|   09|  365|
|1970|   05|  366|
|1975|   08|  367|
|1975|   05|  367|
|1976|   06|  368|
|1975|   06|  368|
|1970|   09|  369|
|1970|   06|  369|
|1975|   09|  369|
|1976|   05|  369|
|1973|   07|  370|
|1974|   05|  370|
|1970|   08|  370|
|1971|   07|  370|
|1974|   09|  370|
|1974|   06|  372|
|1974|   08|  372|
|1973|   08|  373|
|1971|   05|  373|
|1971|   09|  374|
|1971|   06|  374|
|1972|   07|  374|
|1972|   09|  375|
|1971|   08|  375|
|1972|   06|  375|
|1972|   08|  376|
|1972|   05|  376|
|1973|   09|  376|
|1973|   06|  377|
|1973|   05|  377|
|1972|   10|  378|
+----+-----+-----+