3.84464800027                                                                                                           
4.25007593561                                                                                                           
4.75855215585                                                                                                           
5.20409419047                                                                                                           
5.79930226846                                                                                                           
6.27830373727                                                                                                           
6.31657334871                                                                                                           
5.80203814467                                                                                                           
4.79322043273                                                                                                           
3.90763244417  
3.68397938869
